"","V1","V2","V3","V4","V5"
"1",0.478427816394737,0,0,0.454404162454549,0.0671680211507142
"2",0.56406074539369,0.00141395843186834,0,0.352866920869382,0.0816583753050597
"3",0.840689327486694,0,0,0.159310672513306,0
"4",0.52737990911517,0,0.00167584434669807,0.470944246538132,0
"5",0,0,0.43832733501432,0.56167266498568,0
"6",0,0,0.41418153225749,0.58581846774251,0
"7",0.228677508342672,0,0,0.768177187089974,0.00314530456735412
"8",0.161583407822312,0,0,0.838416592177688,0
"9",0.134851900513412,0,0,0.865148099486589,0
"10",0,0,0.313827124098618,0.686172875901382,0
"11",0.90459353103508,0.0121153287609383,0,0.0832911402039813,0
"12",0.221330556920567,0,0.436707577305771,0,0.341961865773661
"13",0.228767445144387,0.00670168097757524,0.423166713766225,0,0.341364160111813
"14",0.159547097410201,0,0.471615368440564,0,0.368837534149235
"15",0.238731409971639,0,0,0.0419819423524752,0.719286647675886
"16",0.2039994181421,0,0,0.0377906046537844,0.758209977204116
"17",0.206382884958219,0,0,0,0.793617115041781
"18",0,0,0.325623786826015,0.0497263604065301,0.624649852767454
"19",0.231446502484208,0,0.539709832550151,0,0.228843664965641
"20",0.2473692410968,0,0.525197930370593,0,0.227432828532607
"21",0,0,0.251476091700722,0.0563873802810485,0.69213652801823
"22",0.499775762252116,0,0.169707648866474,0,0.33051658888141
"23",0.187453206431568,0,0.101733578556182,0.0960292598343763,0.614783955177874
"24",0.191886013880681,0.0136201835376864,0,0.746047984180095,0.0484458184015379
"25",0.188285840174405,0.000575079228144481,0.00404937853343011,0.65393409355237,0.15315560851165
"26",0,0.00424860895471668,0.289773744785193,0.70597764626009,0
"27",0.471084273503835,0,0.426776578297446,0.102139148198719,0
"28",0.713219084913042,0,0.143548532770861,0,0.143232382316097
"29",0.367508026434543,0,0.551450446036806,0.0168665710092063,0.0641749565194443
"30",0.781562358706873,0,0.122376209385618,0,0.0960614319075085
"31",0.727620228938366,0,0.123433231280122,0,0.148946539781511
"32",0.282865952857686,0,0.663281892920257,0,0.0538521542220572
"33",0.574844454212515,0.0687972745468416,0.209928058648222,0.00743341842529133,0.13899679416713
"34",0.300635226735184,0,0.67769592070354,0,0.0216688525612761
"35",0.369628287585759,0.0115484253976855,0.606178585564808,0.0126447014517467,0
"36",0.774225944244409,0.00795495150353044,0.151885908189018,0,0.0659331960630428
"37",0.393641800334304,0.00812344599455648,0.511483496472376,0.0820004562794649,0.00475080091929881
"38",0.923303345377038,0,0,0.0766966546229621,0
"39",0.872062516026197,0,0.089098340004287,0.0129926182019292,0.0258465257675872
"40",0.945730278775497,0,0,0.0542697212245027,0
"41",0.963308337050737,0,0,0.0366916629492633,0
"42",0.708651908729368,0,0.17835256922241,0,0.112995522048223
"43",0.669560065745872,0,0.134957784482399,0,0.195482149771729
"44",0.397263146511188,0.0208194715249756,0.506460278697091,0,0.0754571032667456
"45",0.461793632476084,0,0,0.516619534874014,0.021586832649902
"46",0.933438539295934,0,0,0.0665614607040658,0
"47",0.270862892816631,0,0.611875643101286,0.048605838962259,0.0686556251198246
"48",0.319902934054939,0,0.528318478894892,0.0701343569339211,0.0816442301162483
"49",0.707503115117641,0,0.129951329561975,0,0.162545555320384
"50",0.584269617194532,0,0.00532418973085001,0.269744721517936,0.140661471556682
"51",0.262762088100229,0,0.655814190022434,0.0316060802226245,0.0498176416547126
"52",0.838807701748774,0,0.130921178927883,0,0.0302711193233431
"53",0.981393993336785,0.000836045660203469,0,0.0177699610030114,0
"54",0.405924513354059,0,0.494096858382331,0.0999786282636101,0
"55",0.402128614370974,0,0.461456807540621,0.136414578088406,0
"56",0.8369517433571,0.0194269191852358,0.0581063733447824,0.0622391617118462,0.0232758024010354
"57",0.248837821498861,0.0185921300157648,0.669026978108388,0.0373422699828182,0.0262008003941674
"58",0.974208964337794,0,0,0.0257910356622063,0
"59",0.450886043676769,0,0.433031434502469,0.116082521820762,0
"60",0.674681574157904,0,0.220935082116558,0.00226612213016754,0.102117221595371
"61",0.90525872034843,0.00280747151472826,0.0189152680526433,0.0593930887313888,0.0136254513528101
"62",0.886437077770431,0.00156541553418918,0.0658769268194573,0.00682603183118663,0.0392945480447362
"63",0.374667879098803,0,0.552056874242866,0,0.0732752466583315
"64",0.245849913868551,0,0.698346886303176,0.00995754129067012,0.0458456585376034
"65",0.083649740446864,0,0.465271962193159,0.44275154749236,0.00832674986761744
"66",0.386536278751438,0,0,0.528667962158832,0.0847957590897299
"67",0.387648817889925,0.192176070685238,0.293183136062601,0.124779274087292,0.00221270127494443
"68",0.458532664109848,0.124209834455463,0.0577548973000564,0.276749406747345,0.0827531973872867
"69",0.417147727914319,0.0706404882745519,0.364435318529586,0.135867827347786,0.0119086379337561
"70",0.0106801656199758,0.978332032802296,0,0,0.0109878015777285
"71",0,0.937947515557335,0.0620524844426652,0,0
"72",0,0.94718419615063,0.05281580384937,0,0
"73",0,0.967630720202935,0.0296669312766803,0.00270234852038487,0
"74",0,0.965630284479978,0.0343697155200217,0,0
"75",0.0106528733882781,0.986224338285309,0,0,0.00312278832641284
"76",0.0214676807693089,0.966360752747603,0,0,0.0121715664830881
"77",0,0.973583270087509,0.0264167299124912,0,0
"78",0.0436020376949654,0.946365194272693,0,0,0.0100327680323419
"79",0,0.955445531938881,0.044554468061119,0,0
"80",0.221438660810188,0.50267364108868,0.146795362652397,0.071290134604296,0.0578022008444391
"81",0.120734018793335,0.674293786094991,0.123657873198768,0.040003811886949,0.0413105100259568
"82",0.177302912675959,0.601544805703607,0.127924539941089,0.0580558914648125,0.0351718502145322
"83",0.17971396568848,0.723851825475894,0.0502171389934589,0.0231551398866661,0.023061929955501
"84",0.161056525698385,0.722517492626963,0.049636852056663,0.0203440710581481,0.0464450585598407
"85",0.0791174239279561,0.740289912535685,0.129878943095827,0.0356494319534983,0.0150642884870339
"86",0.137966703893261,0.767704481765657,0.0334239256018702,0.00718643056721458,0.0537184581719972
"87",0.0844292515039287,0.741730691945324,0.12827708028172,0.0356943290678409,0.00986864720118604
"88",0.0976579080316731,0.862108174667176,0,0.0173066163891024,0.0229273009120483
"89",0.158917203360572,0.605275547290908,0.154363834206489,0.0632066079410644,0.0182368072009675
"90",0.0302633066291372,0.969736693370863,0,0,0
"91",0.152052988102987,0.621351573286765,0.137279613800473,0.0505606725979338,0.0387551522118416
"92",0.00159802974583913,0.998401970254161,0,0,0
"93",0.176211140927904,0.60536869237663,0.148960645976042,0.0376275061918524,0.0318320145275722
"94",0.157685043102317,0.701920721966141,0.0642760194485143,0.0339208860005939,0.0421973294824333
"95",0.0672160837582809,0.789593202009052,0.0931873024546739,0.0370697685529241,0.0129336432250686
"96",0.197997312684838,0.615072488207934,0.0938399565529496,0.0432154133516149,0.0498748292026636
