"","V1","V2","V3","V4"
"1",0.470022549342396,0,0.529977450657604,0
"2",0.476097443872096,0,0.523902556127904,0
"3",0.468928281540223,0,0.531071718459777,0
"4",0.457337480892664,0,0.542662519107336,0
"5",0.454850027916299,0,0.545149972083701,0
"6",0.0528982618289779,0,0.899032022860264,0.0480697153107578
"7",0.0346178201423743,0,0.907011487417826,0.0583706924398
"8",0.00534697785015835,0,0.932174672268864,0.0624783498809776
"9",0.0130559484848327,0,0.929801183889297,0.0571428676258702
"10",0.357380951334796,0,0.642619048665204,0
"11",0.369804537270629,0,0.630195462729371,0
"12",0.00103904942963066,0,0.0421190406253484,0.956841909945021
"13",0.0145009507283234,0,0.041719603639405,0.943779445632272
"14",0.0250458626333055,0,0.0356951349887216,0.939259002377973
"15",0,0,0.0320550444249238,0.967944955575076
"16",0,0,0.0314217596325727,0.968578240367427
"17",0.0133220974523354,0,0.043684404313912,0.942993498233753
"18",0,0,0.0408037724893255,0.959196227510674
"19",0,0,0.0442510541679455,0.955748945832054
"20",0,0,0.0402441718788524,0.959755828121148
"21",0,0,0.0427006467947367,0.957299353205263
"22",0,0,0.0381061197508042,0.961893880249196
"23",0,0,0.0355640834268069,0.964435916573193
"24",0,0,0.955285449092617,0.0447145509073826
"25",0,0,0.953704112165896,0.0462958878341038
"26",0,0,0.934994442307461,0.0650055576925392
"27",0.798423684508322,0,0.201576315491678,0
"28",0.643371889702249,0,0,0.356628110297751
"29",0.651232260038699,0,0,0.348767739961301
"30",0.645838082978319,0,0,0.354161917021681
"31",0.645947060541038,0,0,0.354052939458962
"32",0.646846736571199,0,0,0.353153263428801
"33",0.586380069467699,0.0452331718420742,0.00607312085712568,0.362313637833101
"34",0.810755035523326,0,0.189244964476675,0
"35",0.836386177401258,0,0.163613822598742,0
"36",0.805846089226614,0,0.194153910773386,0
"37",0.815887633639881,0,0.184112366360119,0
"38",0.80548667471662,0,0.19451332528338,0
"39",0.816480975364734,0,0.183519024635266,0
"40",0.790963363296883,0,0.209036636703117,0
"41",0.787589303141518,0,0.212410696858482,0
"42",0.623647778089973,0,0,0.376352221910027
"43",0.624410073755327,0,0,0.375589926244673
"44",0.619742125027912,0,0,0.380257874972088
"45",0.430640183996031,0,0.569359816003969,0
"46",0.428694063299508,0,0.571305936700492,0
"47",0.61897044705269,0,0,0.38102955294731
"48",0.6214671718136,0,0,0.3785328281864
"49",0.628993966802917,0.00119632669770732,0,0.369809706499376
"50",0.616437374205623,0,0,0.383562625794377
"51",0.618880152978471,0,0,0.381119847021529
"52",0.830025240356243,0,0.169974759643757,0
"53",0.813894866573479,0,0.186105133426521,0
"54",0.854268603076956,0,0.145731396923044,0
"55",0.862328888143307,0,0.137671111856693,0
"56",0.83744155032076,0,0.16255844967924,0
"57",0.818442495837415,0,0.181557504162585,0
"58",0.827529351378163,0,0.172470648621837,0
"59",0.801168308337749,0,0.198831691662252,0
"60",0.792296306083122,0,0.207703693916878,0
"61",0.780690790809978,0,0.218424609101704,0.00088460008831714
"62",0.80812735001149,0,0.19187264998851,0
"63",0.644481840782486,0,0,0.355518159217514
"64",0.645073919640443,0,0,0.354926080359557
"65",0.392832438193403,0.0181303828115284,0.589037178995068,0
"66",0.396091313802108,0.0417910087853337,0.562117677412558,0
"67",0.40218958751171,0.0954375397557682,0.445980923384794,0.0563919493477276
"68",0.39625668379541,0.0880051094700377,0.434478595844915,0.0812596108896366
"69",0.402548466218274,0.0592573371560332,0.533970114812763,0.0042240818129298
"70",0,1,0,0
"71",0,1,0,0
"72",0,1,0,0
"73",0,1,0,0
"74",0,1,0,0
"75",0,1,0,0
"76",0,1,0,0
"77",0,1,0,0
"78",0,1,0,0
"79",0,1,0,0
"80",0.15611743924256,0.630067893050958,0.114558898839968,0.0992557688665135
"81",0.0852985057443751,0.785185503070339,0.0727987839670746,0.0567172072182117
"82",0.0920269663880229,0.774755733929616,0.0756371178069362,0.0575801818754253
"83",0.0788478256554569,0.818520503536329,0.0551192451304603,0.0475124256777533
"84",0.0705370909531415,0.820583355285922,0.0558915403427071,0.0529880134182299
"85",0.0437989563220414,0.887315542148927,0.0355404451570179,0.0333450563720131
"86",0.0480021241100009,0.884540722323171,0.0364459424375701,0.0310112111292582
"87",0.0470160209824374,0.905032174352501,0.025533166847088,0.0224186378179734
"88",0.0246642891147556,0.948739330627684,0.0101241197359338,0.0164722605216266
"89",0.116254133315508,0.739971228183385,0.0773890803297487,0.0663855581713579
"90",0,1,0,0
"91",0.130003039872905,0.692632927548679,0.0907333019051546,0.0866307306732622
"92",0,1,0,0
"93",0.0974477134415149,0.752984323090174,0.0807904027627783,0.068777560705533
"94",0.092317784271354,0.790324435320931,0.0600513514595692,0.0573064289481455
"95",0.0335031160968572,0.915608362869397,0.0252270570889564,0.0256614639447894
"96",0.0998652126816049,0.745208542055542,0.0874527540416365,0.0674734912212162
