"","V1","V2","V3","V4","V5"
"1",0.619979443359977,0,0,0,0.380020556640023
"2",0.615432006697935,0,0,0.00040370464771756,0.384164288654348
"3",0.621859974167902,0,0,0,0.378140025832098
"4",0.62059879784727,0,0,0,0.37940120215273
"5",0.629933541652459,0,0,0,0.370066458347541
"6",0.0905848996207157,0,0.0281315123692697,0,0.881283588010015
"7",0.0849734940616442,0,0.0164158504629585,0.00632830865399531,0.892282346821402
"8",0.0453104965708601,0,0.0251705659972628,0.00124627963382822,0.928272657798049
"9",0.0506777012468554,0,0.0257247804561608,0,0.923597518296984
"10",0.507753860209133,0,0,0,0.492246139790867
"11",0.512368113978501,0,0,0,0.487631886021499
"12",0,0,0.0333343910761924,0.965840548353675,0.000825060570132946
"13",0.005509457751413,0,0.0435116246415538,0.949684465922098,0.00129445168493565
"14",0.00683176526759712,0,0.0541543417750207,0.939013892957382,0
"15",0,0,0.0217526811250896,0.97824731887491,0
"16",0,0,0.0107045319993617,0.989295468000638,0
"17",0.00161586866546163,0,0.0468185701557864,0.946897329904495,0.00466823127425693
"18",0,0,0.0304142011255516,0.969585798874448,0
"19",0.00195320334595151,0,0.0215273032102941,0.973688273444619,0.0028312199991351
"20",0.00431545685060775,0,0,0.995684543149392,0
"21",0.00114013984552698,0.000919317078542761,0.00767915875377782,0.985966590234168,0.00429479408798425
"22",0,0,0,0.99900081463217,0.000999185367829927
"23",0.000421357145774589,0,0,0.999578642854225,0
"24",0,0,0.0194224190220652,0,0.980577580977935
"25",0,0,0.0216411230294809,0,0.978358876970519
"26",0,0,0.046315538570359,0,0.953684461429641
"27",0.853586051590199,0,0.12602748376981,0.00153632884655243,0.0188501357934383
"28",0,0,0.989516976636734,0,0.0104830233632665
"29",0.0208621373127648,0,0.978777745312065,0.000360117375170152,0
"30",0,0,0.999779256234061,0,0.000220743765938697
"31",0.0398216227597463,0,0.937298653652278,0.015120906109765,0.00775881747821095
"32",0,0,0.987648616772439,0,0.0123513832275613
"33",0.108105411198928,0.0405452198330762,0.731307439534336,0.0838846041105563,0.0361573253231031
"34",0.869089917333188,0,0.124701910912606,0,0.00620817175420551
"35",0.889587175536229,0,0.110412824463771,0,0
"36",0.883129068712595,0,0.10359675168861,0.00681863652126052,0.00645554307753465
"37",0.879019239378883,0,0.110127843534337,0.0108529170867803,0
"38",0.867279539733844,0,0.117461285676793,0.00726535764677935,0.00799381694258309
"39",0.894264027555066,0,0.105735972444934,0,0
"40",0.882289982865955,0,0.083235409901404,0.0169879020622317,0.017486705170409
"41",0.878302869220503,0,0.0795422572580138,0.0234418080806681,0.018713065440815
"42",0.0411976132051159,0,0.908768850609575,0.0500335361853092,0
"43",0.0634797275166786,0,0.87616254152005,0.0603577309632717,0
"44",0.0388056585865095,0,0.906698942754472,0.0544953986590183,0
"45",0.577832603509254,0,0,0,0.422167396490746
"46",0.576658663008916,0,0,0,0.423341336991084
"47",0.131984884543239,0,0.763603999319581,0.104411116137181,0
"48",0.146089660480487,0.00387044232257284,0.743979302538514,0.106060594658426,0
"49",0.156400711991623,0.0045850957873804,0.740181255961896,0.0988329362591006,0
"50",0.126699894956117,0.0021989948081975,0.765275735020611,0.103603654438243,0.00222172077683105
"51",0.13034647251355,0.00221007557353191,0.764235319645773,0.101978170765421,0.00122996150172431
"52",0.898668756704834,0,0.101331243295166,0,0
"53",0.835813756245679,0,0.159020688231979,0,0.00516555552234148
"54",0.903705621303673,0,0.0962943786963271,0,0
"55",0.899199635905319,0,0.100800364094681,0,0
"56",0.887697816087272,0,0.112302183912728,0,0
"57",0.89056286131464,0,0.10943713868536,0,0
"58",0.869986222866289,0,0.130013777133711,0,0
"59",0.86342722251746,0,0.114174376327407,0.0115771442299471,0.0108212569251858
"60",0.84528833142959,0,0.120822421061646,0.0126983597873701,0.0211908877213937
"61",0.826687787266427,0,0.123651535902553,0.0174539152825112,0.032206761548509
"62",0.866885133195438,0,0.118738832978869,0.0101424446402042,0.00423358918548857
"63",0,0,1,0,0
"64",0.0564923992907331,0,0.917379211193472,0.0261283895157947,0
"65",0.547192762269159,0.0141241107645506,0,0,0.43868312696629
"66",0.541205491117466,0.040649700360465,0,0,0.418144808522069
"67",0.462622079840629,0.0916344785093349,0.0524346181637511,0.0598433441593911,0.333465479326894
"68",0.432230528203181,0.0839417720315399,0.0816710053712579,0.0707732019754927,0.331383492418528
"69",0.513243912629945,0.0555229913129024,0,0.028763401132358,0.402469694924795
"70",0,1,0,0,0
"71",0,1,0,0,0
"72",0,1,0,0,0
"73",0,1,0,0,0
"74",0,1,0,0,0
"75",0,1,0,0,0
"76",0,1,0,0,0
"77",0,1,0,0,0
"78",0,1,0,0,0
"79",0,1,0,0,0
"80",0.140340381979473,0.621248651529174,0.0744409631166095,0.0820349022656752,0.0819351011090683
"81",0.0829437823609599,0.778487483621712,0.0353938336151865,0.0504186172591689,0.0527562831429729
"82",0.0863228807173126,0.767877122282583,0.0413447868611588,0.0491553941606883,0.0552998159782575
"83",0.0745291553149417,0.812649896521451,0.0335674512119748,0.0416448282826704,0.0376086686689616
"84",0.0811032024585946,0.814371958809781,0.0144749869855788,0.0556438614266476,0.0344059903193983
"85",0.0471455589719512,0.882665685419723,0.0132677619394503,0.0332985445001582,0.0236224491687177
"86",0.0484061588288039,0.879964480540064,0.0175873826444066,0.0292520583541808,0.0247899196325451
"87",0.0447299921320855,0.901150703307693,0.018485798343836,0.020148357669407,0.0154851485469788
"88",0.0232395423340736,0.945662831084255,0.0103011926423184,0.015768251404503,0.00502818253485
"89",0.109663967100596,0.732498566628837,0.0486690525106787,0.0576406215162838,0.0515277922436051
"90",0,1,0,0,0
"91",0.116918487418462,0.684469038394,0.062380837890634,0.0728204770468492,0.0634111592500551
"92",0,1,0,0,0
"93",0.0906495487921379,0.745686420822054,0.0452852110197011,0.0591947175605928,0.0591841018055137
"94",0.0789141641359765,0.783641890554823,0.0492414356539309,0.0457293723171869,0.0424731373380828
"95",0.0348177297083583,0.911572124432674,0.0116137780151277,0.0252798370125293,0.0167165308313108
"96",0.0971650126642167,0.737964996952696,0.0412212828364705,0.0597869893230895,0.0638617182235275
