"","V1","V2","V3"
"1",0.92909621365232,0.0709037863476801,0
"2",0.922687196002625,0.077312803997375,0
"3",0.937982890690791,0.062017109309209,0
"4",0.944939829618894,0.055060170381106,0
"5",0.958303684366369,0.0416963156336314,0
"6",1,0,0
"7",1,0,0
"8",1,0,0
"9",1,0,0
"10",0.972681473430872,0.0253348093200767,0.00198371724905129
"11",0.955275923399158,0.039103896294642,0.00562018030620057
"12",0,1,0
"13",0.00320846666905564,0.996193697135213,0.000597836195731909
"14",0.00477828885479567,0.995221711145204,0
"15",0,1,0
"16",0,1,0
"17",0.00521976716282227,0.994780232837178,0
"18",0,1,0
"19",0,1,0
"20",0,1,0
"21",0,1,0
"22",0,1,0
"23",0,1,0
"24",1,0,0
"25",1,0,0
"26",1,0,0
"27",0.766606015180191,0.233393984819809,0
"28",0.335015441264813,0.664984558735187,0
"29",0.332199659672989,0.667800340327011,0
"30",0.329440608023533,0.670559391976468,0
"31",0.345615995442772,0.654384004557228,0
"32",0.339200266240567,0.660799733759433,0
"33",0.356015870526327,0.594010964826808,0.0499731646468643
"34",0.772781963987567,0.227218036012433,0
"35",0.763531531350057,0.236468468649943,0
"36",0.769432777740839,0.230567222259161,0
"37",0.755940065918202,0.244059934081798,0
"38",0.762530199201106,0.237469800798894,0
"39",0.772675819303848,0.227324180696152,0
"40",0.773776774474056,0.226223225525943,0
"41",0.77035687266605,0.22964312733395,0
"42",0.321598822753747,0.678401177246253,0
"43",0.33281169652813,0.66718830347187,0
"44",0.32078166478816,0.67921833521184,0
"45",0.952244032820984,0.0477559671790163,0
"46",0.952161327320033,0.0478386726799674,0
"47",0.34510175394711,0.653234452508754,0.00166379354413612
"48",0.357159459740219,0.637037517281986,0.00580302297779508
"49",0.363700223396835,0.629543297725184,0.00675647887798121
"50",0.349594290123962,0.64506787595748,0.00533783391855843
"51",0.351454413837491,0.643403141785976,0.00514244437653304
"52",0.771540368612515,0.228459631387485,0
"53",0.748583895783562,0.251416104216438,0
"54",0.768601602858847,0.231398397141153,0
"55",0.753545285692875,0.246454714307125,0
"56",0.752780046949266,0.247219953050734,0
"57",0.767971107631365,0.232028892368635,0
"58",0.760448461689076,0.239551538310924,0
"59",0.761024849447732,0.238975150552268,0
"60",0.759817559976981,0.240182440023019,0
"61",0.757237087810056,0.242762912189944,0
"62",0.758330053944471,0.241669946055529,0
"63",0.324808717091472,0.675191282908528,0
"64",0.343762040961398,0.656237959038602,0
"65",0.928343667602167,0.0381826038740877,0.0334737285237453
"66",0.903107152718409,0.0404143929623138,0.0564784543192769
"67",0.746919163492003,0.148039382175609,0.105041454332388
"68",0.728551337602408,0.173545402968567,0.0979032594290257
"69",0.85008996571568,0.0834966877276955,0.0664133465566242
"70",0,0,1
"71",0,0,1
"72",0,0,1
"73",0,0,1
"74",0,0,1
"75",0,0,1
"76",0,0,1
"77",0,0,1
"78",0,0,1
"79",0,0,1
"80",0.20712093744417,0.147658753827212,0.645220308728618
"81",0.121562967353014,0.0819067145218618,0.796530318125124
"82",0.128731723356696,0.0848855356373452,0.786382741005958
"83",0.099899463891337,0.0717711477717337,0.828329388336929
"84",0.0941927551088722,0.0746875105590981,0.83111973433203
"85",0.0585512335895396,0.0464283695315782,0.895020396878882
"86",0.0626238591549286,0.0452860826182898,0.892090058226782
"87",0.0517546268601285,0.0369422022622148,0.911303170877657
"88",0.0218838374479896,0.0245243474113146,0.953591815140696
"89",0.144679220011321,0.1027279111964,0.75259286879228
"90",0,0,1
"91",0.165750857901851,0.127725838754697,0.706523303343452
"92",0,0,1
"93",0.136397542846175,0.0982218597491751,0.76538059740465
"94",0.112016751265456,0.086533354662006,0.801449894072538
"95",0.0420925060591721,0.0357219998407068,0.922185494100121
"96",0.145541600859296,0.0968671023084508,0.757591296832253
