"","V1","V2","V3","V4","V5"
"1",0.586051183735284,0,0.413948816264716,0,0
"2",0.569906216482253,0,0.430093783517747,0,0
"3",0.614807749658542,0,0.385192250341458,0,0
"4",0.642766379638782,0,0.357233620361218,0,0
"5",0.631236410771794,0,0.368763589228206,0,0
"6",0,0.079809587766423,0.904421893549465,0.0100138959488079,0.00575462273530425
"7",0.0351418121223406,0.0317607641881393,0.93309742368952,0,0
"8",0.0999218577886763,0.0157607919299451,0.884317350281378,0,0
"9",0.0157743287970373,0.0423349649578641,0.941890706245099,0,0
"10",0.464297654395812,0,0.535702345604188,0,0
"11",0.519839390878748,0,0.480160609121252,0,0
"12",0,0.907218034661957,0.0927819653380429,0,0
"13",0.0113348913385803,0.894282306766561,0.0794931096377004,0.00405245525750721,0.0108372369996515
"14",0.0134917905647415,0.942458848563349,0.0424352969441673,0,0.00161406392774234
"15",0,0.968533488701143,0.0314665112988576,0,0
"16",0,0.94759696970008,0.0524030302999205,0,0
"17",0,0.954354037512438,0.0456459624875619,0,0
"18",0,0.907959520548893,0.0920404794511072,0,0
"19",0,0.906238431411765,0.0937615685882351,0,0
"20",0,0.923231422753908,0.0767685772460923,0,0
"21",0,0.90595096717678,0.0899700878877698,0,0.00407894493544975
"22",0,0.935314142727006,0.0646858572729944,0,0
"23",0,0.938228542230837,0.0617714577691633,0,0
"24",0,0.0551927468580182,0.944807253141982,0,0
"25",0,0.0661716000626532,0.933828399937347,0,0
"26",0,0.132199004997785,0.857810130980056,0.00999086402215908,0
"27",0.737667251286358,0.00492176184703772,0.251120883024834,0.00219060785801987,0.0040994959837505
"28",0.386853977190409,0.613146022809591,0,0,0
"29",0.381775770101539,0.618224229898461,0,0,0
"30",0.390519582648896,0.609480417351104,0,0,0
"31",0.336453856711303,0.663546143288697,0,0,0
"32",0.350488713966476,0.649511286033524,0,0,0
"33",0.402989234397599,0.546820462677466,0,0.0374746901722759,0.0127156127526584
"34",0.93278517797619,0.0672148220238104,0,0,0
"35",0.963419414628793,0.0365805853712069,0,0,0
"36",0.889151228780951,0.0863882501970481,0.0244605210220009,0,0
"37",0.766090531144369,0.225150110539296,0,0.00875935831633573,0
"38",1,0,0,0,0
"39",0.944550817664646,0,0.0554491823353535,0,0
"40",0.758721954970551,0.101731255554894,0.139546789474555,0,0
"41",0.757391175243237,0.119865970553905,0.122742854202858,0,0
"42",0.338375662370178,0.661624337629822,0,0,0
"43",0.365833493438056,0.634166506561944,0,0,0
"44",0.378516789570515,0.617820907802008,0,0.00366230262747696,0
"45",0.547675568615998,0,0.452324431384002,0,0
"46",0.577561827740303,0,0.422438172259697,0,0
"47",0.377272748296322,0.61564701179487,0,0.00708023990880852,0
"48",0.404461460024342,0.595538539975658,0,0,0
"49",0.372133455618565,0.627866544381435,0,0,0
"50",0.358298912176336,0.641701087823664,0,0,0
"51",0.369231270366666,0.627976513436481,0,0.00279221619685288,0
"52",0.929784103881279,0.0518605369656404,0.0183553591530804,0,0
"53",0.974689974390435,0.0253100256095651,0,0,0
"54",0.745883829710604,0.120745256479722,0.124833603113147,0.0075744093092842,0.000962901387242004
"55",0.955210331807956,0.0179984565449977,0.011008892638105,0.00718312256187736,0.00859919644706361
"56",0.953793914626585,0.0020765660193626,0.0441295193540519,0,0
"57",0.794578064468636,0.108741159192152,0.0761613363495247,0.0157671202082182,0.00475231978146932
"58",0.942460640760627,0.0151476805876265,0.0423916786517464,0,0
"59",0.753060741320951,0.1187889284773,0.102088339344925,0.0114445443825487,0.0146174464742747
"60",0.783224461786159,0.15357698638099,0.0631985518328515,0,0
"61",0.701343563518009,0.108438701304737,0.190217735177254,0,0
"62",0.81922701146528,0.139041908583513,0.0417310799512065,0,0
"63",0.379379294800741,0.620620705199259,0,0,0
"64",0.354963785297899,0.645036214702101,0,0,0
"65",0.551369653901178,0,0.439724406374008,0.00883495258793425,7.09871368806715e-05
"66",0.60592937618685,0,0.39407062381315,0,0
"67",0.440050924923031,0.150074823876522,0.274147376034827,0.0715546189075381,0.0641722562580812
"68",0.548664308362335,0.0449337640807697,0.330567574349614,0.0285990646117085,0.0472352885955725
"69",0.550460709026822,0.0571440586614324,0.30359595881284,0.0439079644344034,0.0448913090645025
"70",0,0,0,0.777864589264073,0.222135410735927
"71",0.00894264070885196,0,0.000747417851686772,0.990309941439461,0
"72",0,0,0,0.403508098181546,0.596491901818454
"73",0.00313437787411719,0,0.0030008681933276,0.516717270006488,0.477147483926067
"74",0,0,0,1,0
"75",0,0,0,0.762242742937691,0.237757257062309
"76",0,0,0,0.755641135169747,0.244358864830253
"77",0.0334375975277567,0.00453239302508756,0,0.906207373172934,0.0558226362742223
"78",0,0,0,0.764374315728129,0.235625684271871
"79",0,0.0131606781347525,0.0221057376488504,0.964733584216397,0
"80",0.2190730934735,0.159504961836799,0.132460442137413,0.292021095832653,0.196940406719634
"81",0.141416316545133,0.155930633153782,0.10258261419627,0.339112837205399,0.260957598899415
"82",0.182692352559386,0.13779171411586,0.109624318354334,0.280636136397323,0.289255478573097
"83",0.0825702965297761,0.0253614460381302,0.0201938176411241,0.666916338444427,0.204958101346542
"84",0.0282736874879748,0.0356116262182296,0.00801017284656252,0.402780728485623,0.52532378496161
"85",0.104426839091311,0.107186527002967,0.0855313764982652,0.367565235161843,0.335290022245614
"86",0.0218213605657055,0.00349663351013093,0.00344693201575351,0.628643723753004,0.342591350155406
"87",0.085835052171393,0.108213084484181,0.0563391788654677,0.187698290461977,0.561914394016981
"88",0,0,0,0.522824198094262,0.477175801905738
"89",0.193724937810255,0.13780877234375,0.0919369802617391,0.299138158362241,0.277391151222015
"90",0,0,0,0.758427905495617,0.241572094504383
"91",0.185606815234735,0.153332913650396,0.11332168317941,0.315141184584399,0.23259740335106
"92",0,0,0,0.755385484678743,0.244614515321257
"93",0.173637970929828,0.14657736798481,0.0940164698209181,0.332340774002803,0.253427417261641
"94",0.0205890111513292,0,0,0,0.979410988848671
"95",0.0708525605471869,0.101358590107461,0.0638892160982042,0.306310139398904,0.457589493848243
"96",0.0466293782269492,0.0402936358272862,0.0538285439987165,0.30455489967574,0.554693542271308
